a: 16834 336009 657090 842858 45965 230392 437523 64907 1400656 46784 250024 2067292 446102 3670673 17475 343661 23390 2397551 1604310 2405064 259625 336313 100609 66880 737376 40743 61214 1754332
b: 522621 21927 11067 6383 960574 1588 1015 7611 306701 10683 955 310855 8253 6286 415371 10118 85 244810 64533 34064 463096 3801 3404 116 302937 973 1861 89723
c: 832383 8476 129147 7935 1402727 4943 2484 969908 498553 569 282540 292836 5829 4755 1657272 8278 19957 289753 48827 782811 335746 2274 2441 53 97167 9259 7344 332520
d: 680097 7168 10013 102348 1616618 7589 58658 9825 798546 10620 1621 47503 27331 79758 371943 13988 3340 130459 211993 9533 314108 30485 15155 248 67072 2266 27372 5211414
e: 1454474 109749 1022681 2307297 757078 287778 217191 50874 308528 10145 136165 973936 635075 2622615 87861 355692 53702 4105631 2551069 879413 170857 367904 340587 476162 222191 19491 61169 8241897
f: 230711 2828 3640 3526 363431 311602 4221 580 699949 501 1352 120340 1512 1207 936900 1465 21 511417 16154 208910 200141 126 722 649 11477 152 1778 1576578
g: 354035 5481 2935 14863 756220 1899 58602 397609 233873 861 3667 72532 32707 132341 345979 1346 125 356297 99545 31135 161043 345 1540 307 40382 477 10328 1657825
h: 1590769 7149 5656 13520 4360562 2215 1691 1457 986090 383 12013 24483 24928 46957 659094 3033 867 145778 53244 211007 169378 843 10998 77 28254 287 5542 1180373
i: 747031 120205 1217682 1260824 627033 205782 513871 4734 6388 14026 95650 1184132 429125 4916051 1499400 156160 14456 579425 1658012 1953248 38242 440603 13160 50900 7093 42757 16733 286865
j: 114813 314 1388 582 73103 146 1557 188 24107 352 791 399 1278 496 130776 6738 0 2192 996 213 165090 201 95 0 222 18 377 8393
k: 86513 4560 2106 6587 657384 8212 7249 19121 193546 472 9668 27497 11540 32848 84191 4078 3 19150 158299 5291 23873 905 4746 88 20716 409 17998 602742
l: 1027600 24762 31109 607704 1369548 67638 26741 5379 1412708 2683 51487 1324501 40684 21884 765716 38949 234 20801 328366 204841 218035 40442 9384 127 647124 1703 17927 1729935
m: 1163180 221032 19771 2198 1409680 9506 3695 2192 833538 185 1256 13366 218968 9811 662361 461280 406 10972 122613 25449 147921 1087 4377 685 50141 243 9516 741526
n: 847256 18051 811750 2174417 1539905 161731 1969628 17904 768804 20853 235964 83762 124905 227003 719364 10264 7341 14406 795346 2185501 177269 144733 16604 1529 221407 16980 91870 4810899
o: 142669 155792 313161 273112 48986 1578798 86970 35174 210320 25142 151060 708274 1211558 3638013 339613 504196 1158 2252031 619222 628813 1436435 518655 595220 11299 74586 10465 16259 2126115
p: 742836 3774 53620 8600 1182278 3602 4930 81113 210907 817 1995 420059 38599 7063 807064 259120 36 980187 79408 150567 189706 2180 4103 471 10923 310 8340 436761
q: 3435 85 165 27 157 24 87 18 7823 18 0 378 330 179 213 36 702 39 662 320 223955 332 37 3 9 12 1820 23849
r: 1447565 52918 445242 310880 3398542 31402 245777 13518 1415125 3173 347085 216135 353757 430012 1613748 104736 762 243048 913485 779323 295725 123259 32760 953 418448 5431 31881 2872820
s: 1158671 28344 194920 194904 1556595 20964 4387 625739 989810 971 81082 130210 94665 25866 590409 328591 10989 91867 651915 2340261 549963 3249 54694 957 60392 4028 35220 6604035
t: 1089664 9276 55660 27586 2286179 11369 16163 5121767 2093962 663 2308 149973 73101 30017 2204462 20617 105 991577 895122 249948 413306 8990 161750 768 305204 11241 60106 4780916
u: 230469 152588 265938 158583 356531 30471 215309 3814 163155 6638 45109 630309 235881 886347 28641 346757 428 1077012 802744 853012 2034 6182 5760 9133 45463 6379 7702 112388
v: 202400 195 1135 1026 1492726 278 2654 518 443917 431 749 3549 1116 3168 125502 311 33 4333 19371 924 4058 296 1662 126 15616 106 1479 54670
w: 651738 2121 2630 7951 817860 1620 1447 464511 687721 172 2558 13009 3581 158951 444700 808 9 20451 152771 42627 1488 266 1462 15 7259 63 2491 391742
x: 21249 186 59695 51 52702 443 3 2170 44615 84 45 471 412 34 3062 195769 15 481 341 81005 3625 175 443 1010 1299 0 1658 159628
y: 56668 12475 11956 15241 349221 1592 1807 1512 94547 1574 1526 12823 46250 16587 93411 18955 78 16596 170092 12071 17448 1936 4514 102 10278 689 89570 2740523
z: 41258 2718 972 1553 66556 229 271 7477 32822 92 1474 6035 1630 2023 13051 1840 246 260 877 536 8619 603 1329 3 2703 3844 940 32349
z_apos: 2271 856 1001 2492 950 250 228 597 1466 47 103 5572 5306 1043 530 282 9 11721 483612 31547 248 7032 413 9 179 33 0 37605
z_space: 5202442 2502372 2704657 1514023 1278101 2229827 890140 1636431 3231411 375886 291545 1197781 2072532 1243458 3094987 2492301 126218 1629265 3930769 6964366 693743 339132 2494053 8001 394124 53951 6907 0
