a: 17644 338775 658235 842295 47970 226723 437213 66759 1402503 48485 252031 2066300 446333 3664200 17671 347849 22322 2406620 1603662 2403239 261506 337237 99847 65397 731086 40747 61740 1751728
b: 525591 21577 11451 6730 957815 1277 978 8488 306810 10564 1184 309422 8464 6145 418076 9810 36 251220 64419 33303 463389 3613 3883 75 302752 1195 2273 97578
c: 830721 8891 129890 8634 1403135 4287 2881 971252 496016 425 282309 290545 5591 4850 1658993 7878 20372 288819 49853 786113 333613 1887 2593 65 95636 9490 7192 334020
d: 673395 6832 10797 103167 1603566 6813 57927 9465 799601 10746 1501 48932 27354 79547 372170 13217 3556 129080 213747 9319 316058 31201 14223 180 67644 2509 27882 5208497
e: 1454638 111226 1021097 2302706 753560 284900 219604 51316 309019 10638 135643 980096 635958 2608324 87713 352506 52951 4100935 2549002 884888 170010 365095 339372 478373 222429 18430 61046 8250739
f: 232420 2830 3856 3434 361446 312138 4009 543 696080 706 1448 118371 1813 1190 932204 1217 6 508158 15787 209114 202450 84 721 698 11684 254 1540 1583855
g: 353384 5076 2878 14727 757644 1626 58995 393734 235581 802 3773 72753 33101 132420 339559 1315 307 357093 97477 30604 157461 305 1285 232 41246 571 10389 1656650
h: 1589186 7552 5218 12887 4366816 2019 1677 1335 986989 467 10755 24280 24813 46669 657332 3482 833 145897 53121 207712 166427 716 11669 96 27178 351 5651 1181715
i: 745369 120598 1215095 1257398 629574 204278 510521 5051 6401 13494 93529 1183346 430138 4927544 1499978 157587 14348 580756 1655285 1956843 37456 439303 15000 48938 6208 42300 16224 286575
j: 115105 310 1360 749 73076 205 1251 250 24169 362 962 412 1393 435 131175 7965 0 2313 990 246 165029 253 131 45 200 15 357 8680
k: 88519 4471 2126 5610 657410 8757 6923 19492 193411 471 8835 27325 11683 32280 81386 3740 0 18781 157823 5594 23094 864 4471 141 20859 221 18224 594965
l: 1023592 24553 33851 607893 1379366 66628 27112 5346 1402707 2585 52831 1328202 39780 21628 760115 38234 283 21552 327068 204928 218453 40678 9579 116 643574 1386 18307 1737434
m: 1170229 223883 19689 2329 1404232 9555 3699 2240 832007 209 1234 12741 219157 10299 659357 462486 302 11391 123413 24737 147111 891 3679 407 49521 255 9537 741205
n: 850251 17348 811817 2173116 1534831 161789 1967390 18181 762557 20607 234679 82558 123188 230210 717615 9970 6794 13569 799844 2177684 176230 147021 15937 1586 222076 17741 90124 4801583
o: 139249 154452 313473 276041 48564 1590100 86532 34702 210660 25400 152516 707253 1208292 3623651 336790 500644 989 2247864 616256 626559 1438754 511405 593141 11566 76337 10054 16178 2129887
p: 746620 3843 53887 8417 1186020 3582 4790 79128 211196 900 1679 420690 38298 8476 805064 259187 87 975482 78707 150474 190634 2194 4264 502 10194 304 8300 435933
q: 3133 135 188 108 183 144 43 12 7566 240 6 381 462 141 186 31 734 43 1075 307 224817 319 54 0 3 6 1624 22963
r: 1446003 52306 450924 313379 3396665 32068 245904 14043 1416113 3096 345050 213511 352377 426506 1604509 104675 674 241150 915563 779214 293809 122879 32936 848 416774 5065 31397 2874418
s: 1160342 29072 193992 193639 1554280 21074 4647 625148 990467 1176 82337 131829 96409 26722 588898 327856 10794 92912 647575 2333467 550535 3033 55046 1038 59141 4214 34426 6599809
t: 1083720 9148 55848 27860 2292086 11674 16147 5119608 2098678 959 2171 149621 72994 29512 2206174 21017 93 991116 888850 252902 412416 8354 163807 662 304423 11326 60499 4777642
u: 231292 150898 267426 157460 353101 31552 214660 3773 162652 7252 41520 631905 236918 881018 28109 348091 460 1072795 803371 852424 1770 6367 5335 9294 45756 6024 7870 112676
v: 202755 213 939 950 1485777 248 2453 458 443197 397 624 3286 1114 3641 127954 366 27 4394 18411 1011 3917 271 1432 141 15446 142 1227 50060
w: 658191 2157 2466 7627 816894 1693 1636 465710 687840 167 2923 13345 3380 157556 445401 896 24 20569 152935 42367 1477 196 1845 15 7198 94 2307 390373
x: 21466 183 59989 51 52489 348 27 2039 43650 69 39 445 533 18 3439 197218 58 428 358 81232 3456 169 424 1109 1359 3 1816 157570
y: 56254 12939 11994 15824 349973 1871 1926 1730 94545 1872 1704 12249 46132 17262 91313 19101 87 16643 168467 12675 16388 2017 4766 78 10067 665 89340 2726728
z: 40202 2513 754 1535 65322 210 385 6758 34213 106 1717 5565 2004 1845 12467 1412 79 382 1010 723 8667 527 1604 15 2924 4101 888 32608
z_apos: 2246 821 828 2895 1014 246 320 483 1444 54 93 5500 5134 1179 658 328 39 11835 482402 31055 402 7274 431 6 190 19 0 36748
z_space: 5204600 2515516 2695883 1501465 1279405 2222251 881338 1635799 3243065 375189 284383 1196918 2072982 1243028 3103003 2490774 128649 1620059 3933407 6970573 686440 336698 2499807 8362 392705 53054 7286 0
