a: 17955 334339 648375 831940 44219 229423 424011 65540 1385137 45206 247296 2050489 440221 3640580 17250 344368 23056 2384871 1594771 2379653 259058 333992 99318 68884 723592 40269 60829 1729932
b: 523552 22676 11874 7108 950510 1682 1128 7963 307018 10824 1157 305416 8140 6492 410903 10398 99 244639 63884 34066 461939 3815 3617 75 301745 1123 2103 93082
c: 824414 8741 131358 8656 1393688 4093 2932 959044 492479 631 281193 288325 4950 4425 1643184 7020 20268 287792 47851 773290 332339 1954 2341 78 94418 10127 6887 329741
d: 667009 6905 9921 102044 1594187 7281 58017 9384 788656 10581 1674 47486 26685 79198 368573 13830 3486 127834 209065 9863 309579 30596 14447 281 67637 2170 26773 5173980
e: 1442857 108849 1008259 2294813 744202 284824 214981 51548 307204 10505 134303 969599 624347 2582329 88073 347206 53338 4070120 2523852 873997 166637 363729 335746 468885 221388 17898 59919 8173682
f: 229530 2727 4129 4081 357582 314028 4108 594 699460 519 1299 118488 1504 1062 922120 1111 6 506139 15754 208971 198298 93 717 575 11445 106 1574 1567937
g: 348574 5271 2633 14387 750970 1678 58280 395523 229309 934 3782 70390 27927 130626 337488 1464 258 348340 96583 30737 157465 247 1430 192 40714 617 10336 1635879
h: 1581242 7446 5409 12872 4320170 1998 1407 1548 979831 571 11241 24860 24734 45972 655493 3393 1095 144509 53221 210801 162945 819 10895 147 26939 254 5598 1168176
i: 737754 118131 1205400 1247745 620142 201664 508875 4842 6211 12838 94601 1175802 425569 4858950 1486115 158450 14859 575531 1639982 1941218 38407 430225 13410 50602 6544 42459 16390 281953
j: 115921 363 1165 930 71851 278 1434 192 23670 392 923 495 1155 399 129266 6319 0 2433 893 283 156607 136 122 24 206 35 264 8696
k: 85929 4686 2014 6335 649790 8114 6952 19286 192805 409 8866 26874 11250 32500 84201 3636 0 20233 156916 5635 23560 869 4755 129 20501 323 18320 598663
l: 1008429 23822 32188 603424 1360619 66086 27213 4939 1393827 2455 51151 1318838 40059 21785 756366 38876 252 21438 321790 202327 215881 39974 9646 133 641149 1752 18186 1721478
m: 1153096 219225 19788 2249 1393331 8569 3971 2094 820085 233 1434 13558 215786 9769 658165 459482 291 10930 122572 24985 146877 797 3945 651 50759 320 9840 733894
n: 840588 17691 804859 2148014 1522599 158535 1945747 17544 755266 20285 236769 83547 120917 226332 708449 10315 8046 14179 789274 2161093 175513 143388 16449 1577 221655 17143 90617 4757413
o: 136895 154216 309223 270112 47364 1579892 85490 35031 208493 25431 149814 701185 1205260 3600199 336769 490572 1051 2224881 609241 622502 1420310 508100 591275 12039 72935 10195 16378 2113337
p: 738268 3761 52999 8941 1174994 3756 4653 81436 211870 941 1887 415567 38014 6473 798767 255480 46 963405 79115 150037 186163 1953 4037 503 10162 399 8159 434125
q: 3006 129 168 151 231 72 87 7 7733 124 0 320 237 221 157 25 672 36 328 240 225586 446 66 12 3 15 1852 24567
r: 1429144 50833 451232 310516 3367202 32033 241228 14282 1401517 3181 342838 212652 352348 423465 1586107 105710 778 239887 910061 765852 290704 123110 33167 904 414125 5229 32516 2842888
s: 1148213 27345 193044 191850 1547115 20323 4710 619291 979752 958 80181 129389 95418 26107 589125 325417 10327 90271 639005 2309917 548291 3342 55173 1055 58667 4346 34250 6545978
t: 1075901 8896 54808 26959 2267024 12225 15349 5071911 2064077 895 2359 147744 71821 30661 2184696 21164 111 976987 888937 245216 407683 8210 162568 776 300203 11599 59044 4746524
u: 232803 151826 264726 156731 350578 30989 211918 3919 164214 6877 48799 619991 234844 878772 27879 344329 521 1060543 791050 840925 1867 5698 5375 8364 46630 6221 8043 109397
v: 198911 214 1102 836 1474110 326 2644 515 434377 344 675 3254 1268 3357 126023 463 18 4151 20154 1037 3711 296 1376 151 15077 181 1350 49942
w: 649146 2415 2446 7987 809745 1530 1300 460089 682911 245 2610 13240 3475 156156 442032 894 36 20472 152656 41980 1300 391 1551 12 6948 79 2106 387862
x: 21206 296 58719 57 52043 447 42 1984 44052 84 15 315 539 24 2875 194355 39 479 502 79679 4012 102 379 949 1353 6 1665 159035
y: 55081 12767 11774 14658 349663 1659 1856 1722 93857 1821 1637 12342 44673 17266 92421 19494 47 16673 169351 11871 16832 2066 4554 120 10534 797 89976 2707114
z: 38914 2430 916 1347 66623 219 355 6801 33847 133 1471 5996 2026 1648 12189 1513 111 317 958 627 8817 536 1464 9 3160 4134 1108 32956
z_apos: 2091 928 995 2560 958 247 397 636 1611 55 82 5150 5253 1069 744 248 42 11990 481077 30673 226 6879 480 9 160 6 0 36881
z_space: 5158145 2500100 2672695 1489839 1261580 2201986 872949 1625921 3205400 366980 285494 1182771 2058276 1227967 3072760 2470379 127638 1614429 3900017 6906873 693222 334100 2473311 8117 393977 52822 7364 0
