a: 17882 333464 654907 832353 46366 226709 431856 65800 1383332 46392 250244 2051362 444458 3643093 16905 340284 22992 2384385 1593805 2383706 265641 332480 99515 67343 726504 41717 60849 1753523
b: 521318 21604 12289 6672 951744 1305 1027 8164 309466 10682 1239 308185 8094 5988 416070 10837 110 249794 63573 34471 464958 3715 3576 60 302169 963 2055 91596
c: 824329 8365 130905 8416 1395346 4464 2629 963251 494779 397 282174 285921 5619 4715 1647915 7591 20794 287912 49168 784217 332005 2208 2419 42 94415 9763 6682 328347
d: 671260 6995 10363 101466 1595575 7426 59350 10033 798718 10523 1631 48051 27077 77685 365873 14346 3369 130467 213794 9319 313682 30509 14458 190 67101 2454 27753 5170197
e: 1443701 108419 1012924 2288971 749902 284486 215339 51544 303827 10337 135486 971282 623744 2586150 86117 350130 52283 4073935 2530207 873879 168500 361873 335185 473646 222854 19099 60164 8170493
f: 230997 3173 3764 3915 355464 310146 4138 627 696215 554 1288 119719 1492 1008 925762 1217 6 508588 15607 205525 199238 103 729 668 11959 207 1543 1569907
g: 349595 5525 2705 15830 755362 1644 59051 390522 230406 815 3647 72183 30853 129599 339290 1338 249 352765 96326 30979 158672 276 1573 151 40596 712 10511 1643864
h: 1577166 7443 4910 13439 4315686 2073 1228 1521 973540 512 10808 24468 24396 46502 658827 3154 1017 146377 52768 205981 166234 794 10444 96 26938 316 5860 1174413
i: 745367 119087 1207089 1247900 620501 200330 504786 4642 6395 12673 93692 1180713 427538 4872464 1493055 155474 14843 575768 1648114 1941268 37297 432835 13014 50390 6893 43011 16394 289382
j: 111947 314 1426 716 71571 166 1392 201 22526 336 934 454 1242 432 130632 8429 3 2093 918 297 170143 147 121 33 194 42 247 8900
k: 87938 4548 1972 6666 650486 8152 7040 19211 192058 372 9216 26755 11138 32076 81223 3931 6 18883 155871 5243 24055 802 4336 111 20999 279 17503 597914
l: 1021247 24555 33454 604529 1361273 65212 26043 5401 1396658 2665 52096 1321140 40291 24226 758436 38510 247 20737 326525 203362 213786 39937 9476 153 638301 1476 18281 1730998
m: 1157532 220737 18972 2490 1395444 9390 3899 1972 829363 275 1321 13890 216334 9820 657777 458702 261 10768 122504 24389 147273 993 3934 614 48734 257 9684 738950
n: 853339 17397 803888 2156688 1528849 165215 1945492 17975 757840 21046 235531 82940 123173 226825 716687 10442 7812 14242 793965 2160912 176095 144248 16244 1614 220175 17487 89163 4776343
o: 139359 154968 314182 274658 48159 1570992 85419 35099 207923 25237 149718 701871 1201776 3610839 336685 492681 1067 2233083 605454 624679 1425471 512450 590207 11839 74995 10186 16335 2114584
p: 736777 3481 58891 9181 1174053 3672 4495 80332 212750 901 1990 419181 37390 8557 797666 258078 33 972243 77621 147457 188915 2079 3856 517 10468 273 8268 433515
q: 3391 140 189 90 146 96 60 12 7951 869 3 464 249 238 362 21 770 69 371 323 224110 366 24 3 0 18 1732 24747
r: 1438317 52176 447849 312861 3367966 31787 244256 14218 1416352 2879 341953 211483 351653 423396 1592202 103679 807 240180 910001 774742 296016 124935 33426 770 412962 5508 31206 2859184
s: 1145107 29274 195012 190673 1538340 20276 4686 623822 984975 940 80616 129244 96369 25909 584292 327311 10322 92435 648697 2320471 550203 3510 54418 1218 59086 4281 35342 6551258
t: 1082132 9792 54726 28234 2271492 12299 16113 5066981 2069910 802 2281 147724 73195 29175 2186267 20783 100 980988 886017 246532 413585 7998 159600 737 300803 11455 60067 4746858
u: 230808 151408 265463 157463 353539 32202 217763 3913 160443 6476 45552 628374 235417 887039 28296 345587 403 1072431 798529 845246 1923 6276 5507 8505 47735 6291 7714 111671
v: 201817 211 906 838 1473689 227 2926 542 437684 347 607 3496 952 3617 124015 488 27 4533 17946 991 3777 254 1703 106 15236 90 1142 51635
w: 651604 1950 2609 7762 809328 1434 1857 460468 684988 207 2458 13435 3332 156269 443165 904 54 20113 151398 42075 1415 181 1723 12 7677 102 2137 385274
x: 21026 212 59243 48 52127 525 32 2128 44183 70 27 445 557 33 3151 195142 69 442 398 80657 3448 160 382 963 1372 3 1730 159657
y: 56617 12728 11644 16088 348703 1562 1970 1805 94139 2065 1624 12281 45569 17443 90792 19177 94 17196 167951 12086 16978 2187 4412 114 12541 716 89835 2708391
z: 41825 2777 937 1463 65770 196 339 7196 34322 146 1379 5872 1812 2148 12354 1676 126 355 901 543 8899 513 1411 3 3139 4671 1084 33579
z_apos: 2191 931 819 2598 1063 255 345 626 1804 70 70 5250 5032 1043 724 350 19 11855 479946 30224 239 6736 401 3 168 16 0 37818
z_space: 5153278 2510050 2672750 1497657 1266533 2211318 881508 1618905 3208368 377268 281199 1192832 2067527 1255338 3075376 2482378 128931 1620127 3899712 6897072 689416 331237 2481837 8329 392694 54043 7315 0
