a: 16839 338466 652206 836933 47471 227087 430374 66211 1396467 47021 249896 2065145 444937 3661189 17144 341949 23730 2395371 1604265 2397680 259648 334835 100591 67001 730928 42022 61293 1733037
b: 526206 21623 11781 6703 959896 1244 982 7393 308842 11251 1393 311040 7821 5837 417781 10457 57 250599 64105 33161 462774 4047 3476 105 302900 1164 2179 90692
c: 827008 8945 129157 8236 1398665 4657 2391 959558 498331 468 283103 289748 5088 4674 1647090 7676 19353 291679 48194 775196 332105 2020 2288 81 94418 9446 6717 332808
d: 677640 6945 10298 102308 1606525 6590 58355 9935 790710 10004 1563 47418 27340 79992 368605 13422 3282 130384 209483 9472 310239 30971 15016 204 66879 2780 27278 5197293
e: 1451937 110537 1017792 2297577 753571 284576 216306 51690 306310 10495 136005 978214 627858 2598960 87381 352250 52864 4089939 2541526 877129 168440 365168 339084 478141 223710 20182 60473 8221562
f: 231208 3208 4018 3357 357505 312216 4267 582 696571 382 1250 118473 1405 1209 930188 1337 9 507518 15633 208875 199771 90 655 608 11275 194 1643 1569146
g: 351671 5875 2760 14254 754531 1766 56962 394436 231331 725 3633 71477 30270 130178 342201 1317 90 350424 97047 30601 155514 330 1562 192 40719 485 10095 1648354
h: 1582129 7314 5046 13094 4351809 1950 1401 1417 983165 494 11745 24276 25402 45940 659921 2939 1038 144197 53855 209176 167981 749 10749 48 26316 235 5405 1178908
i: 745429 119549 1211646 1259288 622067 202277 511495 4744 6281 12721 93886 1188717 428416 4902855 1497953 156771 15094 576318 1648283 1952562 37674 432423 13651 50244 6940 42246 16755 286211
j: 114014 332 1231 765 71574 148 1745 213 23273 356 876 449 1344 446 130061 7377 3 2061 1054 169 159952 111 110 39 218 36 399 8605
k: 88040 4381 2294 6057 652849 8336 7219 19562 194088 321 9394 26603 11562 32306 83445 4062 0 19100 157690 5323 24719 995 4798 94 20188 216 17965 601156
l: 1021494 24862 32896 607571 1370102 66719 26430 5470 1410835 2527 51522 1330426 39027 22085 757760 39136 216 21308 327602 201778 217796 40212 9076 175 643748 1438 18829 1740554
m: 1158481 222026 19032 1958 1401279 9516 3920 1993 832504 182 1205 12211 215525 10176 658514 457889 235 11280 120249 24356 146301 752 3908 463 48916 308 9595 738323
n: 839321 17305 809022 2162912 1528694 157068 1957317 17703 760515 21139 240813 84398 124663 225862 716580 9913 7548 14112 799427 2174300 177479 146419 15873 1618 219332 16882 91112 4785862
o: 139465 155628 315153 270849 48540 1582465 85113 35058 210444 24968 149798 711023 1207094 3621105 336645 497944 981 2246202 612661 623743 1427510 513926 591415 11964 74623 10367 16488 2123547
p: 741122 3792 49818 9221 1183974 3370 4456 78918 211614 824 2030 420084 38195 6950 808082 258426 42 967641 80190 147394 189917 1954 3839 564 10306 336 8070 433316
q: 3852 148 155 102 226 20 78 6 8172 522 3 264 223 193 135 30 686 21 165 285 221479 270 45 0 15 0 1882 24177
r: 1450095 51183 447710 309454 3388711 30929 246521 13897 1412413 2989 345331 213606 348750 430111 1597447 105512 828 241956 912934 778537 294971 123192 34232 954 417338 5423 31826 2857344
s: 1154562 28411 195051 194897 1545533 20332 4476 627642 987776 903 79328 128899 96809 25661 590173 328991 10769 93554 643378 2323367 550926 3146 54663 987 59136 4145 34999 6575920
t: 1079464 9440 55815 27476 2279048 12235 15271 5109013 2088110 829 2391 146493 72787 29309 2194376 20152 85 987718 892342 247241 409336 7852 163561 589 305685 11914 59972 4753280
u: 231759 151480 264114 159054 351537 30901 209191 3770 161517 7147 41276 630681 236287 879571 27249 344583 508 1074942 792503 847697 2094 5612 5634 8296 46644 5424 7986 109809
v: 199461 256 679 989 1486284 319 2644 480 435082 318 688 3198 1208 3007 127611 380 24 4158 18079 999 3870 336 1499 104 15449 135 1197 51379
w: 655781 2289 2388 8316 817405 1635 1457 460671 688673 145 2660 13359 3227 158017 446351 924 24 20756 152063 41370 1403 269 1599 9 7242 84 2336 387218
x: 21004 194 59537 96 51755 445 9 2308 44431 66 6 398 466 33 2925 196889 63 350 458 81073 3825 151 381 931 1355 0 1666 160226
y: 55550 12905 11222 15752 351696 1631 1945 1665 94683 1650 1736 12691 45323 17419 92332 19066 84 16627 168197 12260 17214 1681 4635 126 9844 723 88751 2723676
z: 41757 2994 785 1384 64805 234 330 6555 34708 153 1701 5888 1730 1771 12590 1450 145 429 1091 655 8778 590 1392 15 2915 4150 1031 33145
z_apos: 1899 823 964 2674 956 209 292 518 1675 43 112 5002 5274 1119 661 223 24 11769 482363 31089 214 6949 381 9 154 32 0 37290
z_space: 5182548 2514598 2676530 1499654 1272669 2213718 877853 1635291 3223975 368318 289419 1191413 2063066 1227214 3093518 2483380 125372 1623781 3919597 6946296 685336 334783 2493558 7480 393891 52804 6776 0
