a: 17502 336098 655117 836869 48616 224369 429350 64419 1393681 47387 246868 2062219 444409 3644171 16876 346035 21727 2388345 1597935 2395910 261990 334957 99657 67434 732095 41063 60824 1753311
b: 523661 21799 12337 6665 959250 1737 941 7826 306904 10919 1371 311242 7947 5857 420537 10923 81 250257 63841 33554 462011 3655 2981 87 303265 1222 2123 95937
c: 823647 9026 131627 8719 1401159 5042 2918 957891 496157 431 281545 290560 5715 5078 1654585 8156 19301 290575 48261 786959 329976 2261 2415 84 94921 8862 7174 332587
d: 671395 6911 10227 101183 1596501 7020 58443 9244 794135 10932 1645 48490 27071 78562 370950 13927 3235 129293 212728 9269 313507 30657 14379 239 67789 2747 26887 5192953
e: 1448566 111251 1012919 2301125 746984 285764 217985 51222 307391 10709 134944 973866 630536 2594898 87371 353375 53056 4088214 2536485 876562 169121 361317 342420 474652 222016 19339 60748 8212643
f: 231794 2753 4121 4223 356637 308268 3834 692 699692 445 1313 116306 1579 1247 928841 1207 30 511114 15474 206842 202300 98 811 537 11524 213 1640 1578709
g: 353494 4848 2871 15403 751769 1733 58726 391909 233953 879 3537 71954 29115 131001 342520 1245 202 354991 96724 31018 159739 237 1466 141 39789 721 10167 1641409
h: 1582250 7076 5728 12762 4335979 2083 1202 1329 980387 439 11503 24585 24922 45287 658525 3149 903 145135 54373 208685 166010 794 10645 93 27426 309 5501 1175549
i: 744617 120076 1211682 1248463 622258 203123 509115 4607 6389 13338 94599 1183686 430348 4889766 1497733 156854 14495 579488 1651030 1945210 37883 432361 13728 50352 6632 42581 16007 285101
j: 115046 287 1393 781 73763 256 1249 199 24289 331 947 494 1297 467 130593 8557 6 2081 849 163 164118 215 182 45 183 21 364 8412
k: 85261 4622 2158 5922 651347 8356 6732 18612 191165 483 8718 27413 11359 31704 82777 3905 0 18553 159575 5169 23361 1008 4486 90 20789 319 17764 597565
l: 1023011 25212 35041 599507 1378158 67206 27320 5162 1405808 2737 52701 1324801 40913 23603 755974 38292 276 20530 325594 203680 216227 40541 9251 130 642782 1504 18413 1736297
m: 1159337 220586 20333 2015 1404068 9171 3932 2264 830325 248 1215 14017 217508 10351 659693 460987 202 11139 124979 24444 145800 1180 4603 514 50991 443 9480 740097
n: 860266 18048 806480 2162978 1534116 167809 1948310 17829 762452 20292 234964 83050 125270 226099 714027 10810 7472 14745 797923 2174149 177913 145865 16291 1766 217876 17624 90612 4777899
o: 140542 156592 313714 272747 48713 1575534 85510 34511 208874 24954 151470 705897 1206792 3622609 337824 494754 1072 2244699 613125 626007 1431901 515777 593233 11538 75912 10127 16527 2117328
p: 742561 3671 59096 8725 1182364 4139 4826 80290 210446 1040 1716 423067 37446 9001 809896 261210 81 976957 78287 151513 190786 2165 4035 549 10125 346 8217 436792
q: 3478 106 144 135 169 96 60 9 7123 202 3 276 222 270 170 36 721 12 341 191 221937 256 47 3 6 18 1589 23879
r: 1444288 52758 449162 314514 3378243 32466 242754 14387 1416247 2992 342257 212819 352765 428468 1603611 103622 798 241626 914359 773677 293744 124151 32839 946 415939 5086 32788 2865677
s: 1149279 28414 193598 193983 1546544 20148 4187 623139 985481 1020 80281 130553 96155 26991 585898 328534 10601 95713 645481 2323537 550588 3183 55171 1289 58386 4217 35053 6580753
t: 1077595 9071 55466 28916 2279160 11443 15978 5101121 2079606 941 2313 148710 73115 30151 2187211 21479 106 985316 891006 250325 410043 8033 162863 694 303084 11793 59799 4768946
u: 229275 151413 265128 157220 355061 31290 214664 3637 161258 7277 44524 628154 238822 886296 28278 347834 477 1067694 796632 848364 1782 5719 5197 8597 46204 6069 8187 113415
v: 199304 224 1026 1235 1482074 243 2775 582 438540 389 624 3732 1348 3370 126423 463 51 4331 19085 984 4113 331 1740 156 15145 126 1296 49853
w: 654241 2382 2683 8147 816220 1828 1935 461376 686616 258 2522 13707 3203 157221 445401 933 3 19933 153497 42873 1460 253 1727 9 7371 51 2294 389177
x: 21043 180 59958 114 52517 452 39 2340 43686 93 36 263 510 27 3124 195640 54 547 485 80906 3373 160 351 931 1363 0 1792 159429
y: 55889 13174 11576 15321 351115 1699 1896 1787 92991 1842 1641 12676 47696 17762 91257 18689 81 16542 168110 12490 16988 1831 4619 99 12565 728 89692 2721770
z: 40023 2887 856 1584 65040 273 398 7495 32864 150 1304 5819 1559 1641 12853 1449 115 388 915 696 8801 516 1625 9 2747 4207 1077 33533
z_apos: 2155 918 846 2773 854 233 332 608 1447 54 91 5481 5002 1223 595 294 31 11664 482363 30860 300 6853 390 0 253 15 0 37473
z_space: 5169714 2518547 2680345 1498290 1266800 2220463 886150 1628142 3213615 375806 284561 1196834 2067298 1259814 3084740 2506988 126322 1623101 3908720 6930247 692696 335189 2490169 8429 395348 51073 7093 0
