a: 16921 335517 649201 829265 45542 226673 433485 66913 1385057 47491 249348 2056759 438817 3641013 17298 347725 22140 2392985 1592160 2391824 265296 332817 99895 66739 727476 40160 60567 1736971
b: 524741 21263 11384 6556 959184 1531 977 7987 304577 10939 1113 309314 8441 6402 414607 11376 99 246848 63427 32795 459383 3896 3246 143 301601 1379 1890 89168
c: 820594 8743 128252 8428 1395819 4777 2734 959577 494829 480 278142 289340 6008 4600 1648529 7828 20133 287450 48591 777204 331709 2067 2577 102 96012 9455 6904 330167
d: 669956 6726 10237 100609 1601228 6694 57741 9626 793150 10786 1504 48699 27485 80647 368735 13624 3465 127741 211546 9894 313152 30404 15183 244 66452 2414 27021 5170124
e: 1445985 108539 1011013 2286769 745949 282894 216657 50374 304116 10801 134226 970489 628774 2587823 86419 352235 52246 4084125 2537470 877048 169256 361126 338302 476137 219559 19208 61047 8177893
f: 229081 3160 3933 3568 354910 309643 4396 564 697788 483 1426 119500 1401 1232 924678 1235 9 506013 15966 207334 200200 99 711 681 11757 180 1577 1569986
g: 350212 5368 3143 14567 749902 1525 57299 392087 230540 824 3942 72106 34827 130980 337456 1493 180 352091 96808 30864 161190 293 1647 239 40079 731 10134 1645624
h: 1574279 6794 5048 12893 4318395 2327 1348 1241 976483 415 11741 24297 25784 46054 655414 3120 804 145657 53584 206677 162217 691 10665 69 27042 312 5546 1169842
i: 745398 119132 1204719 1251914 621079 201644 505721 5306 6419 13149 93878 1178086 424494 4884391 1489113 153686 14370 570527 1631394 1939822 37638 439686 13272 51222 6477 42586 16150 282763
j: 115549 392 1255 699 72529 270 1569 239 22664 450 978 440 1385 508 131148 7403 0 2180 930 197 168314 199 67 21 232 30 383 8514
k: 87263 4181 2002 5618 652204 8654 7159 18897 193092 424 9656 26687 11264 32000 83386 3689 0 19750 155087 5273 23293 931 4138 120 20018 256 18093 594580
l: 1014179 25048 32628 600608 1366112 66453 26292 4823 1398855 3009 51597 1322062 40063 22162 758341 38574 273 21476 326315 202711 216511 40156 9363 180 646360 1601 18023 1725349
m: 1160096 222804 19927 2439 1389085 8932 3979 2423 824588 220 1382 13227 217026 10290 653332 456813 293 10724 123039 25078 146929 868 3827 484 49285 366 10566 740630
n: 841811 17433 811243 2158286 1531404 158595 1947701 17024 760063 19870 238895 82873 120224 227929 711988 10075 7860 14015 793638 2166718 176286 145284 15347 1437 221589 17084 90061 4761027
o: 137184 154355 309407 272808 47780 1576468 84253 35602 208901 24557 149611 702888 1204011 3607278 335318 494261 1137 2232327 608772 623827 1423010 506568 589378 12666 75236 10290 15834 2115129
p: 737980 3349 53252 8749 1184563 3730 5098 80392 208925 894 1763 418482 37186 7466 799792 257221 40 970063 79051 153020 187747 2261 3962 499 10110 295 8360 427295
q: 3397 103 134 123 202 88 84 4 6919 318 0 315 275 217 114 21 611 27 185 396 224625 274 140 0 6 8 1704 23942
r: 1441538 52083 449991 311121 3367319 31225 244714 13209 1405819 3289 344125 212224 351138 424673 1595834 104691 738 242593 908322 771267 292448 124743 32017 856 413855 5321 31795 2858582
s: 1147134 29449 193229 192694 1543634 20517 4013 620662 981251 1089 80456 128697 92664 26787 583414 325162 10338 92007 644208 2317002 549088 3213 55445 869 58999 4173 34984 6547567
t: 1082098 8865 54823 28030 2279076 11705 16206 5069365 2068830 962 2327 147429 73300 29610 2186612 20409 105 982403 882718 247038 408689 8030 160995 713 304039 11482 58953 4755848
u: 230716 151199 265100 157033 351129 31022 219024 4143 163613 7261 41064 626587 235985 878014 28170 342800 509 1069212 798070 841724 2013 5875 5177 8826 46676 5802 8137 109965
v: 198963 235 1151 1133 1474494 314 2917 504 439922 395 747 3765 1393 3391 127112 370 21 4324 19509 992 4323 318 1695 157 15673 174 1327 49212
w: 653238 2111 2519 7858 808253 1573 1461 459170 680521 190 2744 13450 3359 155240 439728 837 12 20025 153276 43251 1358 204 1476 24 6981 116 2372 388612
x: 20983 198 58303 57 53153 528 26 1975 45021 84 15 355 527 33 3201 197802 44 513 450 81534 3840 190 262 1196 1558 0 1865 158970
y: 56075 13002 11491 15908 350415 1530 2075 1799 93757 1821 1680 12408 45626 16803 92283 19303 51 16997 169595 12433 17533 2001 4370 84 10131 698 90020 2715847
z: 40351 2497 849 1465 64806 177 391 7089 33226 112 1406 5923 1647 2252 12448 1496 120 384 877 660 8742 501 1652 15 3163 4025 1015 33626
z_apos: 2189 832 838 2488 1053 260 360 521 1687 54 80 5370 5024 1076 667 271 42 11741 479705 31430 356 7353 393 9 183 28 0 37570
z_space: 5168144 2500889 2675979 1503401 1267261 2211762 878471 1617223 3213423 378178 283869 1187352 2060524 1236889 3073719 2478025 128592 1611332 3894052 6902647 679700 334483 2474757 8951 395187 52741 7252 0
