a: 18375 331225 652144 831471 48462 230615 426540 65089 1389921 45738 245900 2049491 439065 3641857 18206 341022 21577 2385110 1588362 2381589 258703 333052 100049 66932 727319 40980 61567 1732525
b: 521870 22826 12016 6639 953088 1496 1062 8053 309845 10838 1168 305560 7960 6209 414825 11368 98 246236 63286 34768 460918 3835 3023 60 301065 1080 1996 90128
c: 822537 8690 130668 8123 1388659 4609 2475 959610 496313 399 279168 288887 5649 4761 1641052 7393 20618 289458 49439 776913 331266 2184 2159 96 94323 9155 6664 327691
d: 671898 6519 10227 101746 1589855 6961 56787 9406 791592 10464 1559 48442 26838 79705 367912 12792 3394 128742 207625 9246 311421 30867 14880 281 66464 2279 26818 5165147
e: 1439938 107613 1008770 2285013 745540 284439 214295 51169 305520 9888 135000 975826 626550 2579277 87524 351028 52950 4062103 2529154 869995 167132 360301 338378 472797 220992 18350 60096 8155868
f: 228918 2922 4062 3887 357138 313813 3709 599 698361 563 1229 118937 1388 1011 925395 1353 3 505968 15978 206062 202165 136 805 566 11653 204 1710 1561555
g: 348956 5415 2744 14124 747013 1798 57706 389309 230721 799 4016 71869 28493 130865 338440 1257 145 348690 98593 30306 159713 355 1700 300 40987 582 10223 1647140
h: 1573381 7262 5314 13384 4305014 2207 1185 1385 976356 357 12353 24655 25198 45907 655969 3110 820 146211 53431 207636 164883 770 10560 126 26360 479 5421 1164611
i: 743450 120759 1206409 1248203 617499 197829 507338 4462 6010 13027 93054 1181905 424336 4875484 1493984 156527 14501 578174 1641559 1935111 37037 432126 13335 49685 7038 43331 15472 283308
j: 113822 345 1286 543 71437 176 1361 204 23409 357 861 461 1017 483 128759 6961 30 2154 956 204 159852 204 89 21 250 15 372 8470
k: 86182 4493 2039 6204 648412 8634 6938 18823 190546 420 9652 27168 10820 32105 84671 4087 0 18856 155715 5198 24270 870 4821 76 20484 295 18358 590269
l: 1017462 23707 34905 597087 1362497 66946 26097 5181 1401097 2489 51635 1330763 40374 20650 757837 38297 197 20951 324741 203829 218126 40071 9936 128 638399 1656 18230 1726252
m: 1153865 219790 19420 2148 1389427 9092 3936 2553 822365 213 1368 12154 215482 9643 657091 456773 399 11236 123652 25090 145352 887 3638 514 50048 300 9650 733028
n: 836579 17707 803273 2154679 1523801 155268 1957955 17896 757237 20294 236256 82445 123125 226070 706283 10263 7735 13926 795902 2154079 176296 144853 15606 1607 220450 18333 90067 4753679
o: 139319 157704 313449 268317 48121 1574679 85153 36093 207730 24514 149596 702864 1203154 3602307 335014 495375 929 2231378 607835 625562 1415962 507478 588848 11417 76101 10130 16934 2111903
p: 740095 3658 50457 9633 1173309 3929 4567 80646 210554 701 2117 417673 37585 7287 801661 252732 30 960979 78296 151156 187138 2112 3953 570 9981 350 8114 429547
q: 3031 107 238 140 256 159 37 18 7157 108 9 256 378 204 241 30 675 40 156 492 223726 324 93 6 9 19 1594 23103
r: 1439563 50137 446804 309190 3374371 31768 245663 13533 1401358 3254 341273 212261 348604 422255 1589048 104593 761 238867 907760 772536 294455 123153 32192 879 415426 4896 31343 2845609
s: 1150799 28943 191068 193331 1542781 20123 4409 623911 977876 999 79885 129549 94062 25455 585928 327200 10766 95069 642450 2314850 546082 3366 54676 870 59738 4391 35328 6546306
t: 1068832 9671 55468 28373 2269086 11941 15492 5056775 2073930 866 2044 147170 72480 28782 2180841 20389 70 985918 888707 247547 409355 8176 161273 716 303462 11334 58680 4722519
u: 230732 152220 265606 157562 351958 30706 210352 3974 165209 6687 40563 621831 235151 875157 27839 341514 407 1068754 792669 840574 2043 5897 5112 9331 47219 5584 7524 110089
v: 199480 274 1167 1145 1471422 227 2614 480 435597 353 746 3258 1433 3204 127165 362 33 4188 18435 1027 3991 281 1107 75 15196 105 1299 50156
w: 648199 2106 2531 7533 805705 1554 1451 456002 683138 159 2629 13367 3337 157334 439893 858 27 20075 153297 41634 1442 220 1701 9 7726 72 2134 386440
x: 20726 221 58707 33 52325 560 6 2043 45141 84 24 350 512 42 3179 196213 64 453 290 79192 3814 160 525 1059 1379 3 1510 157983
y: 57955 13511 11393 15281 348895 1602 2139 1941 93861 1755 1824 12620 45957 17382 91832 19371 87 16210 168250 11822 17966 1825 4783 99 9979 748 88909 2709563
z: 41553 2480 957 1470 65343 126 295 7553 33774 78 1440 6281 1677 1891 12802 1768 172 304 1009 717 8836 423 1484 30 3211 4317 906 32252
z_apos: 1710 849 880 2535 847 260 373 561 1247 60 134 5338 4845 1100 651 309 24 11267 479122 30286 229 6861 432 6 204 21 0 37874
z_space: 5153659 2500162 2666957 1492073 1263245 2208573 872324 1617076 3205088 368635 284903 1188159 2053644 1225237 3073824 2465885 126094 1610235 3903542 6882476 680091 334033 2465415 8342 392097 54140 7106 0
