a: 16882 338887 658293 841602 47154 230225 437152 66634 1402443 47296 249889 2072115 445124 3665756 16931 348072 22762 2408690 1606216 2410512 265353 339547 99432 67030 737036 40802 61076 1760934
b: 531206 21763 11308 6580 967088 1274 1009 7940 306342 11023 1280 309972 8320 6139 415695 10922 60 250215 64911 34142 462500 3762 3661 69 302111 963 1972 96310
c: 832577 8579 131817 8712 1398841 4634 2584 968240 499553 574 284468 294548 5256 5057 1667141 7557 19470 289073 49348 782878 333118 2324 2277 72 95412 10315 7069 332126
d: 677711 6694 11197 103397 1612635 7317 57451 10116 797754 10679 1824 49001 27199 79441 373560 14469 3342 132542 210837 9441 312957 30453 14783 194 66526 2678 27265 5219578
e: 1454174 111955 1022784 2308752 755122 284315 218582 51628 308071 11023 136566 979955 631281 2605750 87774 351869 52020 4096251 2548082 880420 171559 362411 341813 477565 223296 18500 61564 8227949
f: 232027 3390 4021 3804 358984 311742 4125 541 698501 602 1616 121204 1375 1144 936859 1281 27 505407 16374 208915 198894 99 704 485 11712 164 1740 1587298
g: 355353 5587 2771 15603 759018 1715 59923 394485 232884 948 3741 72837 32019 132745 342845 1306 126 354623 98910 31678 162505 407 1683 175 40833 494 10133 1654817
h: 1591456 7342 5066 13048 4346678 2198 1553 1335 996207 516 11210 25650 25945 46894 660751 3448 1021 146053 53303 209814 167488 911 10890 147 27136 311 5645 1177353
i: 746193 120931 1215448 1261173 622804 202505 512146 4936 6482 12757 95028 1188215 429010 4920021 1505025 159670 14652 581581 1656500 1953208 37692 437329 13678 50692 6716 42360 16522 288025
j: 114074 288 1257 792 72902 237 1533 219 22868 355 1041 368 1401 477 130629 7309 3 2266 917 199 169269 99 120 21 184 48 305 8962
k: 87540 4296 2210 6614 655985 8223 6589 19389 194978 389 9590 27318 11412 32984 85100 3981 0 19430 158878 5277 25147 845 4809 139 20029 389 18029 600399
l: 1030074 24818 33526 608692 1376987 67916 26639 5165 1414002 2974 52715 1328091 40846 23249 761163 39129 289 21250 326671 203219 219592 40401 9910 153 649932 1547 18299 1741578
m: 1170644 223911 20035 1985 1405246 9954 3914 2274 830773 281 1141 13522 218095 9878 664944 460234 396 10527 123037 25473 146295 978 3740 473 51027 322 9952 740268
n: 851434 17492 807317 2175578 1539458 162814 1969920 18052 763614 20768 238599 84975 122933 227999 714510 10565 7586 14410 801519 2183564 176093 146221 16026 1607 221033 17500 90211 4810745
o: 140725 155084 313576 273569 48727 1592272 86902 35642 211759 24562 149838 714529 1207488 3650488 339453 502166 1167 2258762 615963 629097 1435535 513996 595318 11881 74340 10608 16533 2130021
p: 743879 3785 54034 9141 1181196 3217 4989 81839 211631 887 1844 419186 37615 7546 816079 262134 36 973570 80009 154109 191378 2140 4171 511 10148 284 7968 435198
q: 3310 131 199 231 205 96 43 0 7577 315 3 403 363 171 157 39 682 16 188 321 223767 405 90 6 6 9 1667 23989
r: 1454046 53050 449222 313516 3393876 31999 245354 13772 1410906 3294 345180 215842 353419 425527 1608259 105833 744 244230 915123 779164 298840 123079 33273 877 418225 5482 32073 2876913
s: 1156342 28113 195927 194503 1552343 20218 4449 630202 995672 1114 81263 129501 96119 26413 588917 329946 11090 92931 650143 2332380 552641 3309 56172 1101 58866 4285 34670 6606035
t: 1084551 8846 54904 27348 2289622 12290 15972 5106648 2093217 1033 2055 148559 73024 29977 2199221 20744 84 994743 897891 251534 409426 8643 164660 742 302187 10589 60544 4782595
u: 231422 153509 265318 158405 351241 30824 216921 3742 161562 6589 42245 634681 239868 890030 28473 346488 437 1074116 801501 850929 1865 5728 5553 9384 46966 6013 8338 111838
v: 201418 151 1104 1151 1483916 278 2559 513 442043 435 898 3810 1307 3210 128423 400 27 4206 20340 973 3866 301 1539 109 15617 190 1329 50446
w: 658834 2116 2597 8029 817776 1554 1485 465125 687889 171 2707 13671 3396 158681 448391 827 9 20682 152281 42385 1494 240 1710 9 6812 51 2459 391318
x: 21155 185 59949 48 52336 580 18 2171 44667 120 63 417 584 33 3476 196447 36 424 410 80561 3818 207 590 1367 1432 3 2053 160060
y: 58457 12724 11526 15069 346641 1836 1910 1731 94810 2022 1893 12290 45794 17297 92471 18388 39 16790 169924 12351 17125 1947 4574 167 10584 740 89550 2735196
z: 40647 2821 769 1443 67066 221 357 6923 33391 140 1514 5666 1661 2154 12609 1555 91 327 927 606 8721 485 1282 12 2779 4414 866 33091
z_apos: 1973 836 877 2770 842 267 310 550 1564 53 111 5268 5105 1002 563 301 24 11806 484575 30816 244 7264 470 6 172 21 0 37494
z_space: 5215741 2521253 2706568 1509486 1276342 2222314 885775 1639557 3230139 377223 291647 1197233 2083360 1242480 3110582 2493444 128169 1626197 3929887 6947683 686804 337028 2499771 8216 392729 53456 7452 0
