a: 17398 335052 652602 836930 46979 228024 430082 65812 1388259 46349 246960 2052287 443110 3658293 15884 339009 22937 2402304 1598350 2392384 260878 333821 102378 65636 726949 41363 61403 1732379
b: 524550 21444 11622 6507 960116 1684 1076 7877 307038 10694 1214 307462 8316 5952 415812 10732 36 248246 63932 33721 462952 3724 3305 96 301117 1156 2075 91578
c: 826139 8375 127698 8595 1395821 4533 3028 962971 493925 504 286852 290687 5283 4686 1643142 7570 20195 289591 48938 776899 333322 2490 2349 96 94616 10017 7089 324456
d: 672718 6594 10100 102130 1601264 7112 57926 9848 790005 10912 1467 48531 27831 80062 370984 12607 3465 130221 210831 9338 311049 30249 14524 174 66636 2548 27103 5196650
e: 1453834 109239 1011012 2300810 748549 283601 214227 50878 306948 10479 136987 974100 628899 2588533 87669 350439 52638 4093307 2537272 880383 170154 363564 339165 476311 221492 18646 60830 8193638
f: 230259 2901 3533 3875 357106 309295 3929 547 696904 563 1267 119504 1589 1255 929455 1352 12 509940 15752 207783 201381 100 743 640 11523 268 1782 1562690
g: 351884 5496 2850 14306 759199 1651 57891 394797 231087 758 3772 73097 29142 130145 337213 1154 173 352837 96975 30649 159840 342 1370 198 42349 681 10253 1649455
h: 1585315 7112 4779 13475 4330533 1828 1391 1433 985379 494 11148 24711 24320 46601 658396 2998 858 145055 53337 210313 164890 788 10864 105 27245 291 5495 1174597
i: 738693 119577 1211710 1249728 620594 201774 512036 4606 6309 13207 94331 1177196 425860 4889415 1482180 157119 14401 578810 1644191 1949063 37057 431665 13293 50227 6820 43019 16052 285392
j: 112319 265 1008 739 74050 198 1311 217 22859 420 843 452 1369 437 130898 6374 0 2003 955 224 160731 141 126 24 202 27 339 8132
k: 85500 4368 2191 5714 653984 8188 6433 18866 192761 388 8519 28056 11542 32755 83774 3742 9 18689 158777 5287 23717 1083 4766 195 20222 190 18745 600033
l: 1017948 24270 31307 603682 1369970 65869 27484 5149 1399201 2682 52492 1325331 40453 20713 763118 37994 234 20639 327064 201670 217931 39790 9223 102 642488 1569 18279 1724814
m: 1160805 223416 20676 2555 1393345 8767 3899 2201 818512 287 1289 12604 212584 9926 656665 461256 282 10635 123059 25096 145513 1085 3836 489 49171 255 9802 736992
n: 830321 17344 808790 2161714 1524640 154370 1961751 18362 755881 20225 235515 83012 120747 227469 710572 9773 7659 14291 796826 2161174 177664 143885 15995 1672 221963 17573 90362 4767319
o: 138775 155018 313825 272921 49337 1576470 88134 34854 210125 24801 149601 707846 1203904 3600399 336948 496890 992 2243996 609222 622886 1428174 508846 593412 11496 75166 10675 16423 2117575
p: 736349 3940 47719 8842 1175521 3791 4497 79359 210001 1077 1882 415589 37474 6207 803845 256913 19 964918 79120 150145 188821 2084 3881 468 11030 231 8317 428498
q: 3665 164 176 114 145 60 45 22 7497 154 3 353 456 135 133 34 684 27 345 418 224489 398 70 18 9 12 1821 23505
r: 1441343 51467 448646 314129 3386056 31907 245807 13841 1411107 3360 345352 212904 350765 424709 1597612 103956 850 243049 914167 777337 293773 124410 32858 905 416164 4596 32491 2862470
s: 1149264 28854 195356 193284 1548307 21151 4357 625176 978871 887 80402 128656 94240 25488 589126 325916 11163 93566 644247 2328200 547260 3230 55661 1089 59236 4271 34195 6582031
t: 1077323 9023 54892 27680 2283739 11591 16245 5090668 2077213 820 2210 148473 72743 28317 2193052 20920 87 980482 891590 251733 407920 8361 162209 948 300880 11494 59253 4755100
u: 230603 150668 265089 158238 352709 31246 214856 3727 163524 6441 41312 625772 235501 877019 27862 343291 400 1073058 797013 848325 2034 5733 5358 9542 46236 6001 7832 109723
v: 200373 180 1022 800 1478518 252 2711 463 435621 342 776 3374 1166 2886 126508 434 30 4537 18090 1047 3743 303 1634 59 15049 113 1363 50733
w: 655112 2228 2588 8364 814475 1531 1185 461911 689554 132 2759 13887 3261 155790 445470 940 15 20060 151940 42058 1382 250 1906 6 7057 30 2267 390756
x: 21255 226 58658 42 53268 549 24 2090 44712 81 18 362 386 24 3208 196386 42 358 276 81126 3867 121 432 967 1425 0 1669 158205
y: 56376 13771 11777 15547 348452 1831 2153 1817 92531 1572 1728 13160 45229 17245 93328 19022 63 17088 168710 12512 17154 1832 4454 118 9317 632 88757 2713782
z: 40630 2209 928 1393 66731 254 300 7424 33748 84 1466 6090 1900 1928 12658 1507 192 367 992 730 8439 496 1479 33 2950 4078 1116 32819
z_apos: 1985 945 806 2627 1066 238 340 495 1417 54 99 5255 5147 1140 551 352 21 11437 481849 31584 313 6732 452 6 183 12 0 37431
z_space: 5183076 2509888 2678507 1498138 1269130 2218183 876446 1628340 3223336 368896 288230 1192715 2061785 1219340 3082648 2461858 127495 1616520 3919664 6912881 684665 336604 2491171 8157 392463 53193 7424 0
